1  1 >> 1
2  2 >> 1 + 2 >> 3
3  1 >> 1 + 2 + 1 >> 4
4  2 >> 1 + 2 + 1 + 2 >> 6
5  1 >> 1 + 2 + 1 + 2 + 1 >> 7
6  2 >> 1 + 2 + 1 + 2 + 1 + 2 >> 9
7  1 >> 1 + 2 + 1 + 2 + 1 + 2 + 1 >> 10
8  2 >> 1 + 2 + 1 + 2 + 1 + 2 + 1 + 2 >> 12
9  1 >> 1 + 2 + 1 + 2 + 1 + 2 + 1 + 2 + 1 >> 13
10 2 >> 1 + 2 + 1 + 2 + 1 + 2 + 1 + 2 + 1 + 2 >> 15

1 1

2 2 3
3 4 

4 5 6
5 7 

6 8 9
7 10 

8 11 12
9 13 

10 14 15
11 16 

12 17 18
13 19 

14 20 21
15 22 

16 23 24
17 25

4
2 3 10 5

8 7     5
6 5     4
0 1     1
5 5 5 5 5
3 3 3 3 3
5 5 5 5 5
2 2 2 2 2
10

2 2 2 2 2
1 2 1 2 1

0 0 0 0 0 0 0 0 0 0 0 0 0 0 0 0 0 0 0 0 0 0 0 0 0 0 0 0 0 0
31